141
12AD21TRA_ 0.0000000 0.0045465 0.0875695 0.0229291 0.0421226 0.0453530 0.0824098 0.0711770 0.0503735 0.0516591 0.0522896 0.0519836 0.0504225 0.0828297 0.0527113 0.0722322 0.0509729 0.0814611 0.0508522 0.0530799 0.0532240 0.0528934 0.0565159 0.0520388 0.0554865 0.0860312 0.1291393 0.0853836 0.1449198 0.0545391 0.0546928 0.0502094 0.0546785 0.0766479 0.0556385 0.0622833 0.0539701 0.1313097 0.1328064 0.1293178 0.0867424 0.0562713 0.0815921 0.0992441 0.0925910 0.0766644 0.1003627 0.0563853 0.0764920 0.0880908 0.0585010 0.0525160 0.0548448 0.0918840 0.0554493 0.0499313 0.0543410 0.0606804 0.0772889 0.0554449 0.0550122 0.0549080 0.0547390 0.0555451 0.0552992 0.0593127 0.0594515 0.0594039 0.0548283 0.0548922 0.0593473 0.0578814 0.0598911 0.0555591 0.0550535 0.0913530 0.0507692 0.0533566 0.0560042 0.0543989 0.0555279 0.0750381 0.0869236 0.0873421 0.0550625 0.0527394 0.0526623 0.0594032 0.0544307 0.0766479 0.0806626 0.0552241 0.0870851 0.0597223 0.0554376 0.1075520 0.0905748 0.1075520 0.0865716 0.1121238 0.0864148 0.0814611 0.0891235 0.0711770 0.1450219 0.0905748 0.0722322 0.0906604 0.0916762 0.0705078 0.1053577 0.0416328 0.0407324 0.0922137 0.0624428 0.0579980 0.1379863 0.0743450 0.0739692 0.0499510 0.0887069 0.0594208 0.1275074 0.1173132 0.0934748 0.0819618 0.0821548 0.1196528 0.0863375 0.1179971 0.1071984 0.1156403 0.1305204 0.1231310 0.1192442 0.1225895 0.1162470 0.1236414 0.1191714 0.1183196 0.2179165 
13AD14TRA_ 0.0045465 0.0000000 0.0858782 0.0211374 0.0404835 0.0431590 0.0807518 0.0697561 0.0490913 0.0499761 0.0506947 0.0502980 0.0487455 0.0812161 0.0511173 0.0708368 0.0493906 0.0792072 0.0494562 0.0513736 0.0515328 0.0512487 0.0549364 0.0504241 0.0537918 0.0847391 0.1272368 0.0840951 0.1439038 0.0531566 0.0530097 0.0482247 0.0528347 0.0749488 0.0536430 0.0609847 0.0523196 0.1290855 0.1305747 0.1279181 0.0850552 0.0548341 0.0804809 0.0968556 0.0907683 0.0752570 0.0994248 0.0544163 0.0747936 0.0862714 0.0567851 0.0508859 0.0529272 0.0900830 0.0538502 0.0482588 0.0526897 0.0589404 0.0755864 0.0534849 0.0533537 0.0529513 0.0530822 0.0538839 0.0538761 0.0578754 0.0580135 0.0576702 0.0528746 0.0532342 0.0576152 0.0565843 0.0581586 0.0538948 0.0534786 0.0895556 0.0490452 0.0519646 0.0545684 0.0525149 0.0538502 0.0737627 0.0852351 0.0856531 0.0532016 0.0510070 0.0509801 0.0576712 0.0528698 0.0749488 0.0787442 0.0536593 0.0853959 0.0576836 0.0535712 0.1057080 0.0887831 0.1057080 0.0848884 0.1098815 0.0847323 0.0792072 0.0875614 0.0697561 0.1431873 0.0887831 0.0708368 0.0890567 0.0895925 0.0686045 0.1029804 0.0399948 0.0392401 0.0895498 0.0606204 0.0559295 0.1357724 0.0725195 0.0721443 0.0478033 0.0867286 0.0574183 0.1260343 0.1149412 0.0913837 0.0802337 0.0805573 0.1175148 0.0846538 0.1164235 0.1048957 0.1139268 0.1278448 0.1212529 0.1171759 0.1207829 0.1140392 0.1224335 0.1178212 0.1167466 0.2149930 
13AD23TRA_ 0.0875695 0.0858782 0.0000000 0.0986269 0.1195375 0.0767214 0.0331882 0.0468753 0.1114103 0.1157074 0.1220353 0.1158924 0.1157189 0.0396668 0.1210237 0.0460585 0.1167967 0.0418016 0.1181862 0.1185449 0.1181048 0.1196013 0.1231789 0.1179558 0.1204358 0.0796466 0.1367322 0.0790066 0.1224258 0.1198684 0.1196789 0.0929234 0.0572674 0.0432275 0.1206290 0.1224501 0.1197576 0.0955997 0.1023114 0.1172561 0.0010414 0.1227327 0.0752816 0.0626558 0.0561835 0.0432367 0.0820961 0.1233454 0.0432445 0.0682770 0.1222438 0.1197589 0.1207326 0.0561561 0.1213216 0.1201217 0.1196503 0.1164898 0.0435168 0.1203785 0.1206524 0.1200668 0.1208155 0.1220469 0.1167940 0.1223159 0.1224781 0.1218919 0.1211411 0.1207612 0.1216082 0.0773557 0.1246592 0.1220646 0.1196700 0.0556002 0.1196221 0.1204802 0.1221037 0.1197293 0.1224357 0.0465019 0.0013893 0.0020906 0.1203037 0.1214775 0.1207208 0.1213037 0.1199608 0.0432275 0.0313897 0.1206708 0.0011578 0.1211523 0.1202540 0.0735971 0.0549416 0.0735971 0.0072841 0.0887984 0.0071647 0.0418016 0.0511252 0.0468753 0.1096828 0.0549416 0.0460585 0.0517481 0.0975885 0.1216909 0.0981269 0.1185205 0.1182153 0.1007917 0.1263708 0.1216579 0.1735062 0.1208716 0.1208578 0.1162768 0.1178511 0.1223245 0.1224608 0.0942183 0.0970272 0.0487908 0.0450552 0.1013712 0.0074126 0.0934776 0.0817171 0.0891987 0.1033701 0.1008857 0.0956085 0.1007931 0.0939217 0.1441099 0.0963856 0.0938130 0.1883103 
13AD24CT_C 0.0229291 0.0211374 0.0986269 0.0000000 0.0337830 0.0296735 0.0968593 0.0859664 0.0411228 0.0428329 0.0445554 0.0432354 0.0420554 0.0947589 0.0452783 0.0870489 0.0438828 0.0955363 0.0424880 0.0448235 0.0450657 0.0476782 0.0516294 0.0459488 0.0480268 0.0960565 0.1402343 0.0953881 0.1566984 0.0474233 0.0472798 0.0399580 0.0690902 0.0916964 0.0478815 0.0541064 0.0486492 0.1473668 0.1480775 0.1451753 0.0977731 0.0495312 0.0923409 0.1055580 0.1076614 0.0918674 0.1119092 0.0505333 0.0915333 0.1044723 0.0514379 0.0462850 0.0500269 0.1067977 0.0489444 0.0433258 0.0495469 0.0545633 0.0923717 0.0498994 0.0497690 0.0496390 0.0492329 0.0500688 0.0491750 0.0540384 0.0541747 0.0538940 0.0492646 0.0499075 0.0538424 0.0715855 0.0533941 0.0502882 0.0498491 0.1062417 0.0444084 0.0479787 0.0491417 0.0476440 0.0506194 0.0858192 0.0979625 0.0983848 0.0497863 0.0457990 0.0456034 0.0533016 0.0494535 0.0916964 0.0952176 0.0502019 0.0981290 0.0531887 0.0500218 0.1183448 0.1054222 0.1183448 0.0978724 0.1169175 0.0977108 0.0955363 0.1052298 0.0859664 0.1607764 0.1054222 0.0870489 0.1055905 0.0911171 0.0646599 0.1115642 0.0331573 0.0324254 0.0928489 0.0549687 0.0519323 0.1311967 0.0657980 0.0654256 0.0405342 0.0833101 0.0528496 0.1284391 0.1217589 0.0925239 0.0969444 0.0971230 0.1252839 0.0976415 0.1261503 0.1173892 0.1238796 0.1415245 0.1319553 0.1277141 0.1272723 0.1205706 0.1191711 0.1206614 0.1263866 0.2293843 
13AQ22TRA_ 0.0421226 0.0404835 0.1195375 0.0337830 0.0000000 0.0507368 0.1117975 0.1033271 0.0214382 0.0248027 0.0248257 0.0250720 0.0232896 0.1161790 0.0240428 0.1042628 0.0244153 0.1152718 0.0235211 0.0257408 0.0260862 0.0289993 0.0323520 0.0262725 0.0291584 0.1148742 0.1534631 0.1142558 0.1779965 0.0286565 0.0287717 0.0528220 0.0860038 0.1112919 0.0291579 0.0348393 0.0304257 0.1711963 0.1719608 0.1512224 0.1186410 0.0313407 0.0826013 0.1262278 0.1276386 0.1114729 0.1000914 0.0322091 0.1111208 0.1244947 0.0330895 0.0284672 0.0310625 0.1265117 0.0307673 0.0227278 0.0315847 0.0352084 0.1120072 0.0310842 0.0308241 0.0308634 0.0305702 0.0312032 0.0298009 0.0359343 0.0360642 0.0356482 0.0305294 0.0310728 0.0358802 0.0685753 0.0349663 0.0315490 0.0312428 0.1259258 0.0242375 0.0291508 0.0307193 0.0298663 0.0317841 0.1065401 0.1188448 0.1189567 0.0321862 0.0255960 0.0250631 0.0352883 0.0318377 0.1112919 0.1154722 0.0324430 0.1190191 0.0355245 0.0325024 0.1345482 0.1251467 0.1345482 0.1160589 0.1300157 0.1158907 0.1152718 0.1249995 0.1033271 0.1801537 0.1251467 0.1042628 0.1255940 0.0917270 0.0459378 0.1204775 0.0052494 0.0045504 0.0757088 0.0342050 0.0332149 0.1090650 0.0466490 0.0462824 0.0193988 0.0630029 0.0321657 0.1328132 0.1384131 0.0942709 0.1153374 0.1164752 0.1362161 0.1158356 0.1376422 0.1329199 0.1391995 0.1583774 0.1427482 0.1387507 0.1381826 0.1331038 0.1056339 0.1247974 0.1375531 0.2492831 
15D44CT_CE 0.0453530 0.0431590 0.0767214 0.0296735 0.0507368 0.0000000 0.0796210 0.0925109 0.0576473 0.0559075 0.0605936 0.0560647 0.0547684 0.0759258 0.0602836 0.0904439 0.0584717 0.0865567 0.0599401 0.0536981 0.0577908 0.0641983 0.0668054 0.0624139 0.0622548 0.1042134 0.1448859 0.1037035 0.1574736 0.0627986 0.0626440 0.0514877 0.0882243 0.0849698 0.0624120 0.0655603 0.0650436 0.1475435 0.1481637 0.1434691 0.0759141 0.0655383 0.1044793 0.0959316 0.1015728 0.0851382 0.1129128 0.0676670 0.0848087 0.1090324 0.0659568 0.0629431 0.0665442 0.1026139 0.0648308 0.0592583 0.0662623 0.0655221 0.0853200 0.0663861 0.0662231 0.0666136 0.0659381 0.0666433 0.0665782 0.0686792 0.0688220 0.0680840 0.0656899 0.0662292 0.0680199 0.0875011 0.0678595 0.0671424 0.0664131 0.1020619 0.0597261 0.0643768 0.0652603 0.0640102 0.0673604 0.0681179 0.0760887 0.0767614 0.0658615 0.0618690 0.0615722 0.0681037 0.0653496 0.0849698 0.0753094 0.0658462 0.0763880 0.0681666 0.0662854 0.1143376 0.1012222 0.1143376 0.0781535 0.1098490 0.0779987 0.0865567 0.0972969 0.0925109 0.1632270 0.1012222 0.0904439 0.0989406 0.0858042 0.0697910 0.1200320 0.0505089 0.0497113 0.0836002 0.0714321 0.0693811 0.1321802 0.0667334 0.0663574 0.0570765 0.0775013 0.0689206 0.1260964 0.1215946 0.0867891 0.0909425 0.0911694 0.1268296 0.0779150 0.1186795 0.1131292 0.1210670 0.1370778 0.1272037 0.1233038 0.1204009 0.1148600 0.1232758 0.1153761 0.1189218 0.2275752 
16D88_S11  0.0824098 0.0807518 0.0331882 0.0968593 0.1117975 0.0796210 0.0000000 0.0347148 0.1036614 0.1081985 0.1138160 0.1090052 0.1087619 0.0337856 0.1125590 0.0373747 0.1091869 0.0281010 0.1113827 0.1118991 0.1110564 0.1120687 0.1148802 0.1108094 0.1133281 0.0759339 0.1246212 0.0756152 0.1110125 0.1124941 0.1123094 0.0805352 0.0500394 0.0312963 0.1135168 0.1091949 0.1126798 0.0869593 0.0919062 0.0996959 0.0327681 0.1148646 0.0631712 0.0648891 0.0427272 0.0315580 0.0715022 0.1157702 0.0313081 0.0591675 0.1146098 0.1129065 0.1132832 0.0426864 0.1139727 0.1120458 0.1132016 0.1015886 0.0315764 0.1131030 0.1133736 0.1127908 0.1133675 0.1142379 0.1081423 0.1140568 0.1142158 0.1135659 0.1132616 0.1132902 0.1139699 0.0675931 0.1164600 0.1143769 0.1126560 0.0421535 0.1131699 0.1121887 0.1144000 0.1127556 0.1152842 0.0406010 0.0329077 0.0328962 0.1133393 0.1142983 0.1134484 0.1138631 0.1127040 0.0312963 0.0287529 0.1135411 0.0327852 0.1140410 0.1137369 0.0674989 0.0414616 0.0674989 0.0301626 0.0834705 0.0300318 0.0281010 0.0379607 0.0347148 0.1031970 0.0414616 0.0373747 0.0391624 0.0932483 0.1123163 0.0932645 0.1119069 0.1111339 0.0945125 0.1195622 0.1122902 0.1619615 0.1131277 0.1130792 0.1080366 0.1097195 0.1149741 0.1127825 0.0857369 0.0932489 0.0381819 0.0327532 0.0955259 0.0303324 0.0881523 0.0748280 0.0847151 0.0955509 0.0932266 0.0894454 0.0954566 0.0891840 0.1341001 0.0889711 0.0884889 0.1745325 
17D53_S13  0.0711770 0.0697561 0.0468753 0.0859664 0.1033271 0.0925109 0.0347148 0.0000000 0.0947725 0.1010159 0.1054975 0.1015006 0.1010738 0.0398773 0.1050588 0.0189045 0.1009331 0.0337435 0.1038844 0.1045619 0.1034628 0.1033662 0.1061450 0.1017791 0.1051634 0.0744658 0.1183419 0.0739853 0.1076172 0.1046851 0.1045055 0.0700684 0.0359916 0.0305461 0.1053470 0.1018777 0.1035645 0.0816683 0.0855039 0.0952109 0.0463231 0.1070989 0.0520956 0.0704571 0.0419823 0.0305526 0.0674389 0.1064909 0.0305577 0.0548688 0.1070516 0.1030271 0.1048520 0.0416638 0.1056658 0.1035661 0.1037248 0.0949853 0.0310785 0.1043558 0.1041722 0.1039938 0.1046127 0.1058490 0.0992820 0.1071325 0.1072890 0.1068632 0.1043732 0.1045533 0.1075143 0.0573021 0.1082731 0.1052691 0.1031780 0.0411314 0.1040949 0.1043657 0.1062274 0.1039180 0.1065889 0.0489317 0.0464725 0.0466000 0.1046244 0.1052122 0.1044342 0.1058960 0.1042821 0.0305461 0.0368341 0.1046758 0.0466160 0.1063065 0.1049790 0.0704530 0.0404166 0.0704530 0.0441378 0.0899453 0.0440007 0.0337435 0.0406601 0.0000010 0.0923380 0.0404166 0.0189045 0.0323737 0.1035786 0.1152291 0.0782783 0.1028238 0.1025260 0.1055316 0.1108207 0.1048121 0.1638055 0.1156716 0.1153890 0.1010751 0.1173633 0.1075822 0.1165650 0.0874648 0.1039443 0.0307900 0.0290225 0.0935302 0.0443335 0.0935059 0.0756787 0.0843359 0.0964630 0.0967340 0.0924147 0.1010993 0.0954239 0.1315430 0.0909137 0.0938405 0.1767270 
18D040KID_ 0.0503735 0.0490913 0.1114103 0.0411228 0.0214382 0.0576473 0.1036614 0.0947725 0.0000000 0.0158298 0.0207493 0.0158266 0.0163616 0.1078662 0.0183772 0.0950869 0.0056260 0.1074295 0.0143311 0.0193329 0.0139333 0.0227120 0.0254860 0.0148678 0.0247003 0.1057978 0.1581585 0.1052383 0.1719196 0.0239151 0.0241860 0.0451350 0.0761989 0.1043611 0.0245563 0.0278284 0.0224744 0.1699413 0.1696216 0.1407213 0.1099214 0.0271993 0.0717125 0.1180493 0.1201461 0.1045560 0.0901577 0.0254024 0.1041763 0.1181159 0.0232767 0.0206397 0.0241155 0.1190222 0.0236899 0.0162524 0.0236994 0.0287750 0.1045803 0.0235386 0.0234105 0.0246969 0.0234080 0.0238306 0.0244857 0.0256121 0.0257501 0.0251710 0.0229847 0.0239635 0.0257148 0.0532310 0.0296376 0.0247094 0.0246566 0.1183918 0.0160091 0.0241103 0.0257835 0.0228633 0.0251241 0.0976221 0.1101169 0.1103669 0.0239623 0.0186927 0.0180916 0.0267327 0.0237235 0.1043611 0.1091747 0.0240997 0.1104898 0.0266013 0.0244241 0.1298943 0.1177626 0.1298943 0.1074095 0.1246631 0.1072285 0.1074295 0.1189172 0.0947725 0.1758595 0.1177626 0.0950869 0.1174085 0.0914887 0.0414449 0.1111996 0.0207463 0.0198242 0.0753923 0.0381928 0.0344561 0.1128812 0.0443113 0.0440584 0.0191686 0.0595818 0.0320488 0.1260412 0.1327956 0.0920110 0.1089668 0.1094373 0.1281433 0.1073542 0.1300367 0.1258928 0.1365900 0.1524801 0.1366904 0.1328753 0.1333958 0.1281530 0.0934788 0.1160413 0.1302944 0.2535878 
18D041CT_3 0.0516591 0.0499761 0.1157074 0.0428329 0.0248027 0.0559075 0.1081985 0.1010159 0.0158298 0.0000000 0.0198920 0.0017354 0.0052472 0.1121653 0.0174917 0.1014164 0.0167233 0.1131571 0.0114814 0.0075846 0.0104910 0.0284097 0.0306200 0.0237719 0.0281910 0.1138180 0.1458056 0.1132028 0.1764018 0.0275628 0.0274306 0.0468702 0.0869425 0.1087685 0.0283260 0.0228899 0.0301959 0.1680253 0.1686497 0.1499593 0.1148206 0.0307506 0.0798654 0.1232854 0.1257487 0.1089482 0.0975941 0.0316074 0.1085985 0.1267208 0.0272123 0.0269515 0.0308765 0.1246598 0.0281149 0.0209874 0.0309740 0.0339705 0.1094783 0.0307587 0.0303613 0.0310451 0.0301067 0.0304969 0.0299441 0.0301259 0.0302536 0.0301147 0.0290336 0.0304989 0.0300977 0.0644708 0.0320433 0.0308094 0.0302933 0.1240784 0.0215090 0.0318485 0.0299523 0.0293866 0.0315906 0.1010031 0.1148715 0.1151345 0.0311941 0.0218577 0.0217942 0.0313991 0.0304552 0.1087685 0.1124232 0.0313034 0.1153439 0.0316703 0.0316372 0.1309037 0.1232169 0.1309037 0.1114950 0.1256988 0.1113287 0.1131571 0.1219163 0.1010159 0.1736542 0.1232169 0.1014164 0.1225936 0.0880241 0.0438458 0.1168342 0.0237973 0.0228180 0.0743742 0.0367838 0.0336273 0.1052181 0.0494713 0.0491045 0.0237361 0.0605919 0.0338183 0.1275435 0.1341815 0.0897330 0.1124674 0.1139833 0.1256094 0.1112701 0.1340423 0.1279625 0.1371260 0.1531325 0.1393084 0.1356947 0.1341905 0.1296309 0.1030852 0.1203244 0.1342742 0.2461569 
18D042CT_3 0.0522896 0.0506947 0.1220353 0.0445554 0.0248257 0.0605936 0.1138160 0.1054975 0.0207493 0.0198920 0.0000000 0.0201549 0.0221636 0.1178181 0.0078635 0.1059964 0.0192701 0.1170044 0.0204000 0.0244710 0.0224602 0.0293897 0.0272446 0.0264175 0.0299760 0.1179453 0.1431247 0.1173210 0.1776549 0.0295996 0.0297153 0.0526724 0.0891360 0.1132272 0.0301125 0.0318458 0.0320254 0.1724091 0.1731164 0.1517433 0.1211335 0.0328151 0.0839277 0.1252900 0.1277473 0.1134097 0.0995750 0.0332738 0.1130549 0.1277815 0.0336566 0.0295164 0.0314857 0.1267690 0.0314875 0.0229564 0.0330655 0.0351175 0.1139484 0.0316223 0.0312236 0.0314069 0.0309685 0.0316273 0.0311415 0.0360778 0.0362085 0.0361896 0.0316067 0.0316293 0.0364229 0.0695003 0.0316249 0.0322194 0.0320188 0.1261817 0.0241138 0.0328020 0.0320043 0.0320358 0.0325819 0.1069965 0.1211878 0.1216322 0.0337378 0.0243930 0.0234912 0.0361826 0.0330967 0.1132272 0.1182065 0.0338583 0.1215143 0.0364614 0.0340495 0.1368788 0.1256040 0.1368788 0.1181409 0.1303517 0.1179718 0.1170044 0.1249207 0.1054975 0.1792448 0.1256040 0.1059964 0.1256530 0.0918320 0.0457305 0.1196639 0.0240635 0.0233349 0.0776115 0.0389812 0.0359411 0.1078037 0.0513498 0.0509817 0.0263112 0.0632449 0.0384974 0.1342844 0.1394834 0.0937164 0.1176205 0.1187862 0.1353748 0.1179183 0.1384286 0.1338550 0.1418686 0.1591317 0.1450126 0.1413687 0.1395061 0.1345012 0.1080140 0.1253725 0.1386583 0.2514364 
18D049CT_3 0.0519836 0.0502980 0.1158924 0.0432354 0.0250720 0.0560647 0.1090052 0.1015006 0.0158266 0.0017354 0.0201549 0.0000000 0.0045449 0.1128779 0.0178614 0.1020527 0.0167254 0.1136153 0.0118415 0.0071049 0.0104924 0.0284130 0.0306235 0.0237747 0.0283398 0.1146247 0.1464149 0.1140079 0.1775155 0.0278365 0.0277041 0.0473017 0.0872491 0.1095802 0.0284750 0.0230369 0.0301993 0.1689511 0.1697473 0.1504646 0.1150050 0.0310290 0.0802043 0.1238726 0.1261791 0.1097602 0.0982871 0.0318691 0.1094098 0.1270543 0.0272155 0.0272085 0.0308801 0.1252462 0.0281182 0.0209899 0.0309776 0.0341148 0.1102916 0.0307623 0.0303648 0.0310487 0.0301102 0.0305004 0.0299379 0.0302264 0.0303541 0.0302152 0.0290370 0.0305024 0.0301982 0.0647566 0.0320590 0.0310703 0.0303902 0.1246637 0.0215117 0.0318521 0.0299674 0.0293900 0.0315942 0.1017823 0.1150561 0.1153191 0.0311976 0.0221238 0.0220571 0.0315116 0.0305860 0.1095802 0.1133797 0.0313069 0.1155287 0.0317829 0.0316408 0.1313883 0.1238004 0.1313883 0.1116772 0.1262058 0.1115108 0.1136153 0.1221667 0.1015006 0.1748390 0.1238004 0.1020527 0.1233285 0.0884284 0.0439983 0.1171647 0.0240655 0.0230852 0.0748331 0.0374445 0.0344152 0.1055896 0.0499327 0.0495656 0.0241148 0.0610185 0.0342125 0.1279718 0.1343767 0.0899927 0.1132879 0.1148074 0.1256866 0.1114524 0.1340638 0.1278740 0.1372547 0.1530516 0.1395467 0.1359288 0.1343247 0.1300898 0.1037335 0.1204521 0.1342958 0.2456800 
18D101CT_3 0.0504225 0.0487455 0.1157189 0.0420554 0.0232896 0.0547684 0.1087619 0.1010738 0.0163616 0.0052472 0.0221636 0.0045449 0.0000000 0.1126374 0.0202321 0.1016600 0.0193105 0.1127424 0.0124620 0.0032931 0.0140065 0.0304949 0.0324709 0.0255675 0.0277652 0.1136402 0.1490604 0.1131581 0.1770027 0.0272659 0.0273813 0.0476501 0.0868427 0.1089264 0.0278999 0.0263395 0.0318855 0.1684772 0.1695249 0.1498665 0.1148296 0.0303409 0.0806068 0.1236750 0.1256497 0.1091065 0.0986627 0.0337275 0.1087560 0.1262347 0.0274378 0.0288775 0.0325712 0.1247215 0.0284596 0.0222665 0.0326667 0.0360001 0.1093285 0.0326104 0.0322100 0.0329000 0.0319540 0.0319302 0.0315846 0.0314820 0.0316099 0.0314702 0.0308720 0.0321921 0.0317017 0.0646391 0.0314731 0.0329227 0.0323705 0.1241388 0.0233980 0.0311365 0.0293887 0.0297306 0.0337024 0.1013037 0.1148807 0.1151444 0.0328870 0.0240016 0.0238303 0.0320039 0.0323996 0.1089264 0.1125901 0.0329959 0.1153544 0.0322755 0.0333351 0.1318590 0.1232755 0.1318590 0.1114945 0.1256057 0.1113278 0.1127424 0.1221276 0.1010738 0.1740134 0.1232755 0.1016600 0.1228862 0.0881701 0.0453675 0.1171331 0.0227762 0.0217992 0.0761808 0.0385227 0.0353394 0.1064500 0.0487633 0.0483967 0.0249899 0.0624352 0.0352306 0.1288708 0.1344389 0.0898024 0.1125408 0.1144604 0.1252469 0.1112690 0.1332615 0.1284683 0.1368766 0.1537224 0.1394013 0.1357834 0.1337781 0.1295424 0.1046397 0.1202927 0.1334940 0.2457360 
18D108TRA_ 0.0828297 0.0812161 0.0396668 0.0947589 0.1161790 0.0759258 0.0337856 0.0398773 0.1078662 0.1121653 0.1178181 0.1128779 0.1126374 0.0000000 0.1178249 0.0415473 0.1139778 0.0331738 0.1153435 0.1160029 0.1152732 0.1173263 0.1205679 0.1143661 0.1182669 0.0750874 0.1206989 0.0747701 0.1109783 0.1174032 0.1172157 0.0828905 0.0486411 0.0319618 0.1184582 0.1134375 0.1177077 0.0829228 0.0865902 0.1039911 0.0389695 0.1202199 0.0666113 0.0657027 0.0445652 0.0320966 0.0748455 0.1204971 0.0319740 0.0590202 0.1196491 0.1172265 0.1188778 0.0442289 0.1185482 0.1161307 0.1187078 0.1083248 0.0319805 0.1187023 0.1186477 0.1181935 0.1186404 0.1194465 0.1131274 0.1196044 0.1194356 0.1195002 0.1183567 0.1185677 0.1199242 0.0695359 0.1228479 0.1192850 0.1173141 0.0436930 0.1166275 0.1189852 0.1196973 0.1173915 0.1195652 0.0328992 0.0392354 0.0396783 0.1185755 0.1186242 0.1183089 0.1196469 0.1182333 0.0319618 0.0247413 0.1184806 0.0393799 0.1195135 0.1185549 0.0715586 0.0429641 0.0715586 0.0399714 0.0883193 0.0398361 0.0331738 0.0419106 0.0398773 0.1040462 0.0429641 0.0415473 0.0431697 0.1002851 0.1185171 0.0987984 0.1157389 0.1152455 0.1035360 0.1257240 0.1171676 0.1727149 0.1190464 0.1190798 0.1160534 0.1201419 0.1201729 0.1169420 0.0903310 0.0997627 0.0390533 0.0381318 0.0993132 0.0400263 0.0928632 0.0781262 0.0862956 0.0992188 0.0989182 0.0948315 0.0992269 0.0928613 0.1382325 0.0945213 0.0931978 0.1805557 
18D143CT_4 0.0527113 0.0511173 0.1210237 0.0452783 0.0240428 0.0602836 0.1125590 0.1050588 0.0183772 0.0174917 0.0078635 0.0178614 0.0202321 0.1178249 0.0000000 0.1055370 0.0166210 0.1175312 0.0182561 0.0226257 0.0210363 0.0273441 0.0254624 0.0244916 0.0287621 0.1192654 0.1426581 0.1186381 0.1785357 0.0281289 0.0279961 0.0521396 0.0885807 0.1134982 0.0288978 0.0295247 0.0300983 0.1729464 0.1738676 0.1506916 0.1201238 0.0311944 0.0819791 0.1270218 0.1289141 0.1136809 0.0990046 0.0310369 0.1133257 0.1289087 0.0316261 0.0279779 0.0294128 0.1281179 0.0296545 0.0209321 0.0309832 0.0332769 0.1142201 0.0295483 0.0291525 0.0298424 0.0288988 0.0298158 0.0289713 0.0341822 0.0343121 0.0338887 0.0297986 0.0295547 0.0340099 0.0683757 0.0297135 0.0301221 0.0299393 0.1275288 0.0219715 0.0304601 0.0296650 0.0296882 0.0305129 0.1066369 0.1203287 0.1204401 0.0316296 0.0220155 0.0214689 0.0341536 0.0310163 0.1134982 0.1177880 0.0317391 0.1205036 0.0344389 0.0319365 0.1369144 0.1266553 0.1369144 0.1172834 0.1308469 0.1171146 0.1175312 0.1263029 0.1050588 0.1794322 0.1266553 0.1055370 0.1266866 0.0902982 0.0442917 0.1197699 0.0227873 0.0220606 0.0753243 0.0375329 0.0341945 0.1060789 0.0506699 0.0503018 0.0245903 0.0616176 0.0368248 0.1335145 0.1405239 0.0928917 0.1173446 0.1181508 0.1363889 0.1170605 0.1390146 0.1348740 0.1424198 0.1606027 0.1456738 0.1418044 0.1396899 0.1339772 0.1063628 0.1245665 0.1392439 0.2525417 
18D22_S14  0.0722322 0.0708368 0.0460585 0.0870489 0.1042628 0.0904439 0.0373747 0.0189045 0.0950869 0.1014164 0.1059964 0.1020527 0.1016600 0.0415473 0.1055370 0.0000000 0.1016996 0.0354663 0.1043794 0.1049034 0.1032007 0.1045933 0.1072801 0.1028742 0.1056716 0.0714597 0.1214093 0.0711185 0.1105480 0.1048841 0.1047039 0.0753427 0.0365404 0.0304113 0.1058559 0.1071215 0.1046533 0.0844065 0.0883215 0.0947187 0.0456110 0.1076424 0.0528641 0.0690028 0.0428278 0.0304177 0.0657073 0.1076260 0.0304229 0.0520779 0.1077243 0.1045357 0.1058636 0.0427689 0.1067655 0.1041599 0.1047562 0.1013687 0.0309455 0.1054363 0.1053884 0.1051147 0.1053843 0.1069832 0.1001036 0.1065400 0.1066967 0.1061919 0.1056493 0.1053256 0.1065820 0.0565564 0.1092184 0.1060897 0.1042284 0.0424995 0.1047597 0.1055437 0.1070581 0.1048427 0.1078364 0.0502247 0.0457605 0.0458885 0.1054308 0.1059214 0.1055206 0.1053500 0.1050879 0.0304113 0.0363751 0.1058498 0.0459042 0.1057537 0.1055840 0.0728615 0.0415103 0.0728615 0.0432470 0.0911059 0.0431098 0.0354663 0.0405822 0.0189045 0.0931833 0.0415103 0.0000010 0.0379607 0.1031445 0.1129865 0.0798285 0.1035817 0.1026695 0.1050677 0.1121022 0.1046819 0.1626574 0.1159797 0.1156964 0.1004638 0.1151588 0.1072596 0.1173026 0.0903903 0.1037726 0.0308520 0.0294756 0.0977449 0.0432991 0.0942056 0.0788283 0.0884538 0.1004474 0.0983888 0.0947529 0.1018360 0.0957780 0.1280892 0.0910141 0.0947140 0.1815288 
18D288CT_5 0.0509729 0.0493906 0.1167967 0.0438828 0.0244153 0.0584717 0.1091869 0.1009331 0.0056260 0.0167233 0.0192701 0.0167254 0.0193105 0.1139778 0.0166210 0.1016996 0.0000000 0.1130207 0.0142471 0.0218120 0.0153607 0.0251082 0.0280460 0.0185910 0.0265297 0.1134488 0.1462339 0.1128343 0.1736812 0.0260369 0.0259060 0.0471820 0.0851117 0.1100546 0.0266633 0.0283574 0.0255132 0.1701511 0.1712354 0.1444507 0.1159076 0.0294523 0.0808353 0.1228556 0.1257386 0.1102349 0.0983578 0.0284856 0.1098841 0.1239424 0.0249529 0.0234378 0.0268956 0.1248025 0.0254360 0.0193709 0.0263319 0.0309574 0.1107669 0.0270212 0.0266304 0.0275791 0.0263793 0.0265101 0.0262000 0.0271262 0.0272528 0.0267206 0.0258698 0.0268931 0.0268399 0.0609789 0.0315500 0.0277120 0.0272540 0.1242198 0.0189051 0.0276384 0.0281500 0.0249470 0.0282414 0.1033179 0.1161091 0.1162219 0.0271270 0.0217429 0.0213097 0.0276600 0.0265197 0.1100546 0.1149162 0.0272371 0.1162922 0.0280627 0.0275578 0.1329191 0.1233565 0.1329191 0.1132044 0.1268286 0.1130376 0.1130207 0.1229223 0.1009331 0.1760735 0.1233565 0.1016996 0.1232552 0.0897487 0.0418706 0.1148649 0.0234116 0.0224335 0.0744109 0.0388047 0.0360821 0.1072608 0.0456304 0.0452649 0.0214240 0.0617404 0.0338053 0.1287749 0.1345071 0.0915632 0.1143573 0.1139536 0.1311507 0.1129803 0.1352076 0.1296002 0.1379359 0.1547921 0.1408704 0.1370716 0.1350008 0.1300460 0.1021405 0.1204615 0.1354390 0.2456784 
19ND091_S1 0.0814611 0.0792072 0.0418016 0.0955363 0.1152718 0.0865567 0.0281010 0.0337435 0.1074295 0.1131571 0.1170044 0.1136153 0.1127424 0.0331738 0.1175312 0.0354663 0.1130207 0.0000000 0.1145278 0.1156920 0.1160089 0.1165323 0.1198185 0.1146453 0.1168058 0.0706084 0.1226153 0.0704303 0.1107507 0.1159543 0.1160628 0.0832858 0.0458001 0.0260592 0.1166190 0.1119726 0.1165211 0.0836079 0.0864051 0.1005891 0.0413726 0.1181832 0.0621654 0.0659787 0.0394917 0.0263163 0.0699926 0.1188812 0.0260690 0.0533644 0.1183984 0.1166889 0.1171587 0.0390800 0.1174014 0.1159845 0.1169903 0.1072285 0.0265821 0.1165352 0.1170341 0.1165893 0.1171962 0.1183170 0.1119139 0.1183537 0.1185146 0.1179035 0.1172248 0.1171513 0.1190032 0.0684108 0.1212353 0.1178553 0.1162846 0.0385516 0.1165855 0.1171802 0.1178675 0.1162937 0.1189603 0.0401502 0.0412390 0.0416475 0.1170522 0.1171778 0.1165138 0.1173066 0.1170836 0.0260592 0.0271832 0.1176326 0.0413842 0.1173570 0.1174587 0.0713167 0.0377285 0.0713167 0.0398681 0.0874516 0.0397327 0.0000010 0.0222052 0.0337435 0.0966366 0.0377285 0.0354663 0.0303407 0.0964893 0.1178497 0.0999783 0.1152381 0.1150879 0.1016096 0.1247755 0.1174193 0.1667223 0.1166869 0.1166734 0.1114594 0.1174692 0.1181466 0.1174159 0.0900329 0.0979485 0.0346969 0.0292670 0.0967428 0.0400561 0.0912525 0.0768294 0.0862200 0.0973537 0.0942995 0.0903468 0.0995801 0.0932592 0.1378422 0.0928832 0.0915872 0.1780719 
19ND157_S1 0.0508522 0.0494562 0.1181862 0.0424880 0.0235211 0.0599401 0.1113827 0.1038844 0.0143311 0.0114814 0.0204000 0.0118415 0.0124620 0.1153435 0.0182561 0.1043794 0.0142471 0.1145278 0.0000000 0.0149547 0.0183879 0.0279453 0.0320964 0.0224636 0.0276654 0.1115795 0.1481684 0.1111023 0.1773374 0.0270704 0.0271856 0.0484146 0.0852762 0.1126560 0.0277996 0.0240712 0.0289744 0.1707215 0.1718724 0.1521133 0.1172942 0.0302036 0.0841814 0.1249815 0.1278050 0.1128378 0.1019936 0.0312630 0.1124843 0.1240717 0.0293023 0.0266172 0.0295014 0.1266896 0.0271520 0.0205510 0.0298547 0.0341483 0.1133744 0.0299003 0.0295048 0.0301946 0.0292513 0.0296459 0.0286634 0.0328897 0.0330185 0.0323411 0.0286747 0.0296431 0.0327117 0.0662029 0.0333573 0.0302177 0.0304110 0.1261043 0.0208222 0.0307676 0.0286681 0.0281612 0.0305807 0.1059416 0.1174966 0.1176089 0.0299801 0.0218905 0.0213560 0.0331015 0.0294947 0.1126560 0.1159656 0.0300896 0.1178208 0.0335146 0.0304194 0.1339572 0.1252365 0.1339572 0.1143014 0.1280187 0.1141341 0.1145278 0.1242737 0.1038844 0.1769313 0.1252365 0.1043794 0.1248715 0.0920082 0.0466096 0.1208492 0.0232506 0.0222737 0.0789813 0.0387258 0.0348351 0.1086788 0.0517159 0.0513485 0.0241136 0.0645924 0.0355726 0.1327213 0.1363256 0.0945027 0.1165966 0.1161131 0.1318155 0.1140777 0.1375463 0.1313258 0.1408175 0.1567762 0.1438934 0.1402141 0.1366770 0.1314439 0.1057073 0.1241153 0.1377763 0.2477473 
19ND16_S11 0.0530799 0.0513736 0.1185449 0.0448235 0.0257408 0.0536981 0.1118991 0.1045619 0.0193329 0.0075846 0.0244710 0.0071049 0.0032931 0.1160029 0.0226257 0.1049034 0.0218120 0.1156920 0.0149547 0.0000000 0.0165234 0.0333599 0.0352411 0.0283238 0.0290476 0.1173168 0.1541341 0.1168231 0.1811716 0.0300598 0.0301762 0.0507658 0.0900936 0.1121438 0.0291836 0.0294601 0.0347746 0.1728609 0.1738439 0.1536361 0.1176426 0.0332025 0.0831566 0.1277274 0.1250930 0.1123272 0.1015166 0.0366624 0.1119705 0.1233758 0.0299641 0.0315770 0.0352117 0.1279429 0.0312803 0.0249681 0.0353049 0.0389975 0.1125543 0.0352534 0.0351101 0.0358159 0.0348494 0.0348235 0.0344901 0.0336695 0.0337995 0.0338007 0.0337435 0.0350904 0.0340345 0.0675611 0.0343543 0.0358407 0.0352991 0.1273503 0.0261211 0.0340134 0.0322280 0.0325726 0.0366353 0.1042946 0.1176955 0.1179607 0.0352634 0.0267328 0.0265542 0.0346101 0.0347696 0.1121438 0.1158745 0.0353729 0.1181753 0.0347588 0.0358571 0.1352325 0.1264714 0.1352325 0.1146289 0.1297207 0.1144596 0.1156920 0.1252414 0.1045619 0.1780632 0.1264714 0.1049034 0.1266885 0.0918389 0.0487293 0.1204198 0.0252172 0.0242250 0.0795689 0.0415382 0.0381339 0.1100857 0.0518786 0.0515076 0.0277217 0.0658598 0.0382899 0.1327124 0.1385076 0.0935721 0.1158375 0.1176144 0.1291543 0.1144029 0.1365207 0.1324154 0.1404524 0.1581762 0.1429421 0.1394195 0.1370377 0.1334163 0.1081020 0.1245992 0.1367531 0.2507830 
19ND178_S1 0.0532240 0.0515328 0.1181048 0.0450657 0.0260862 0.0577908 0.1110564 0.1034628 0.0139333 0.0104910 0.0224602 0.0104924 0.0140065 0.1152732 0.0210363 0.1032007 0.0153607 0.1160089 0.0183879 0.0165234 0.0000000 0.0262902 0.0286200 0.0205908 0.0292888 0.1165179 0.1473296 0.1158967 0.1745772 0.0286556 0.0285230 0.0500590 0.0884816 0.1104248 0.0294243 0.0248628 0.0269240 0.1696774 0.1713626 0.1483133 0.1172123 0.0318831 0.0808190 0.1255162 0.1278493 0.1106052 0.0978325 0.0299562 0.1102542 0.1281254 0.0260116 0.0247213 0.0286084 0.1267329 0.0261227 0.0195515 0.0276845 0.0325546 0.1111377 0.0286176 0.0282240 0.0286672 0.0279715 0.0278413 0.0283862 0.0295399 0.0296672 0.0296648 0.0264036 0.0286139 0.0294959 0.0639241 0.0327858 0.0292966 0.0282300 0.1261472 0.0199540 0.0307320 0.0307882 0.0259919 0.0294391 0.1040119 0.1170519 0.1175272 0.0276510 0.0227075 0.0226360 0.0305983 0.0270434 0.1104248 0.1148403 0.0279054 0.1175988 0.0308684 0.0280832 0.1339125 0.1252790 0.1339125 0.1145556 0.1287160 0.1143881 0.1160089 0.1238752 0.1034628 0.1768836 0.1252790 0.1032007 0.1250836 0.0896331 0.0429752 0.1182498 0.0253211 0.0243386 0.0738853 0.0398495 0.0369112 0.1077855 0.0485974 0.0482308 0.0235860 0.0622011 0.0363546 0.1303818 0.1367645 0.0915120 0.1155578 0.1157265 0.1314203 0.1143318 0.1364228 0.1310296 0.1390051 0.1564503 0.1407295 0.1374581 0.1372754 0.1324534 0.1037404 0.1225214 0.1366536 0.2478095 
19ND181_CE 0.0528934 0.0512487 0.1196013 0.0476782 0.0289993 0.0641983 0.1120687 0.1033662 0.0227120 0.0284097 0.0293897 0.0284130 0.0304949 0.1173263 0.0273441 0.1045933 0.0251082 0.1165323 0.0279453 0.0333599 0.0262902 0.0000000 0.0064507 0.0089618 0.0227690 0.1127053 0.1509531 0.1120911 0.1729122 0.0221734 0.0220446 0.0578607 0.0811194 0.1107668 0.0229003 0.0362267 0.0051356 0.1716378 0.1731518 0.1485744 0.1187020 0.0226649 0.0762221 0.1259002 0.1284117 0.1109816 0.0929635 0.0045499 0.1105955 0.1233822 0.0193068 0.0090472 0.0033710 0.1272843 0.0148464 0.0128062 0.0058366 0.0155151 0.1114826 0.0029042 0.0023194 0.0030216 0.0023206 0.0032544 0.0058725 0.0249028 0.0250287 0.0250100 0.0056036 0.0026704 0.0248858 0.0621118 0.0230669 0.0032593 0.0029283 0.1266957 0.0151418 0.0085967 0.0200309 0.0145771 0.0033733 0.1067245 0.1185404 0.1190187 0.0073786 0.0182189 0.0169510 0.0247778 0.0067934 0.1107668 0.1153234 0.0077361 0.1192331 0.0250414 0.0077490 0.1359220 0.1258229 0.1359220 0.1161356 0.1297626 0.1159668 0.1165323 0.1257504 0.1033662 0.1761065 0.1258229 0.1045933 0.1258727 0.0926714 0.0353925 0.1174995 0.0279815 0.0268687 0.0739836 0.0352442 0.0300531 0.1008852 0.0524638 0.0520949 0.0280936 0.0541400 0.0308062 0.1337495 0.1388917 0.0945934 0.1151836 0.1163130 0.1368335 0.1159117 0.1378541 0.1335012 0.1420718 0.1591515 0.1440347 0.1401523 0.1384729 0.1336159 0.1035894 0.1248176 0.1381645 0.2513625 
19ND70_S10 0.0565159 0.0549364 0.1231789 0.0516294 0.0323520 0.0668054 0.1148802 0.1061450 0.0254860 0.0306200 0.0272446 0.0306235 0.0324709 0.1205679 0.0254624 0.1072801 0.0280460 0.1198185 0.0320964 0.0352411 0.0286200 0.0064507 0.0000000 0.0130051 0.0266115 0.1166441 0.1507541 0.1159628 0.1758953 0.0259909 0.0261069 0.0613082 0.0854936 0.1134745 0.0267459 0.0398471 0.0093333 0.1748414 0.1759872 0.1527438 0.1222704 0.0264762 0.0788116 0.1286223 0.1307074 0.1136926 0.0953686 0.0101809 0.1133016 0.1295723 0.0214088 0.0130868 0.0082445 0.1297247 0.0188909 0.0179174 0.0102805 0.0204828 0.1141983 0.0087260 0.0081224 0.0086045 0.0081267 0.0086051 0.0116727 0.0264312 0.0265581 0.0265381 0.0101665 0.0084853 0.0266608 0.0645883 0.0216392 0.0090978 0.0090384 0.1291306 0.0195515 0.0140951 0.0243962 0.0188511 0.0086050 0.1088322 0.1221075 0.1225888 0.0110135 0.0226716 0.0218704 0.0266730 0.0105415 0.1134745 0.1181959 0.0111344 0.1228074 0.0269398 0.0113955 0.1387686 0.1282492 0.1387686 0.1195333 0.1332494 0.1193629 0.1198185 0.1281952 0.1061450 0.1802803 0.1282492 0.1072801 0.1280233 0.0934944 0.0367707 0.1200522 0.0315716 0.0301819 0.0746229 0.0367362 0.0340825 0.1029265 0.0537377 0.0533221 0.0323604 0.0543246 0.0338098 0.1351198 0.1417483 0.0954197 0.1179389 0.1190525 0.1386435 0.1193104 0.1415562 0.1362218 0.1450881 0.1621431 0.1464128 0.1426546 0.1420587 0.1366797 0.1055395 0.1276167 0.1418648 0.2547544 
19ND79_S9_ 0.0520388 0.0504241 0.1179558 0.0459488 0.0262725 0.0624139 0.1108094 0.1017791 0.0148678 0.0237719 0.0264175 0.0237747 0.0255675 0.1143661 0.0244916 0.1028742 0.0185910 0.1146453 0.0224636 0.0283238 0.0205908 0.0089618 0.0130051 0.0000000 0.0231112 0.1096818 0.1488309 0.1090755 0.1700937 0.0225144 0.0226299 0.0550674 0.0793979 0.1088957 0.0232426 0.0310518 0.0092123 0.1690692 0.1705724 0.1488945 0.1170638 0.0258795 0.0794315 0.1246504 0.1264816 0.1090754 0.0969330 0.0126138 0.1087257 0.1222437 0.0208935 0.0129552 0.0107748 0.1253815 0.0179040 0.0145153 0.0100594 0.0236466 0.1096056 0.0107788 0.0106508 0.0107866 0.0106566 0.0106543 0.0142298 0.0249860 0.0251118 0.0248397 0.0106520 0.0110183 0.0252151 0.0617700 0.0262387 0.0116399 0.0115974 0.1247978 0.0159897 0.0169311 0.0237114 0.0165717 0.0116376 0.1050339 0.1169034 0.1173786 0.0102841 0.0189411 0.0179195 0.0244731 0.0098130 0.1088957 0.1134148 0.0105246 0.1175904 0.0247361 0.0106637 0.1328348 0.1239327 0.1328348 0.1145186 0.1281526 0.1143512 0.1146453 0.1238024 0.1017791 0.1741921 0.1239327 0.1028742 0.1240287 0.0917136 0.0395096 0.1164208 0.0255103 0.0244056 0.0745509 0.0393153 0.0342633 0.1052644 0.0511107 0.0507435 0.0253814 0.0579826 0.0340682 0.1301698 0.1360403 0.0927436 0.1134793 0.1148655 0.1350247 0.1142949 0.1363911 0.1310070 0.1394697 0.1562177 0.1410875 0.1374207 0.1364923 0.1315045 0.1032220 0.1218458 0.1367014 0.2470316 
20AD042Tra 0.0554865 0.0537918 0.1204358 0.0480268 0.0291584 0.0622548 0.1133281 0.1051634 0.0247003 0.0281910 0.0299760 0.0283398 0.0277652 0.1182669 0.0287621 0.1056716 0.0265297 0.1168058 0.0276654 0.0290476 0.0292888 0.0227690 0.0266115 0.0231112 0.0000000 0.1106275 0.1537518 0.1100153 0.1738157 0.0009277 0.0008117 0.0591110 0.0889111 0.1134662 0.0001159 0.0383238 0.0245780 0.1731331 0.1740840 0.1525330 0.1195320 0.0064716 0.0837454 0.1258167 0.1294567 0.1136497 0.1003307 0.0263054 0.1132929 0.1245439 0.0178477 0.0259405 0.0245489 0.1285463 0.0134449 0.0272427 0.0256838 0.0345574 0.1141915 0.0246969 0.0245606 0.0250806 0.0243102 0.0250581 0.0249596 0.0270114 0.0268827 0.0267393 0.0240285 0.0248072 0.0269711 0.0627847 0.0108610 0.0255221 0.0252931 0.1279536 0.0246037 0.0184835 0.0079013 0.0169249 0.0259847 0.1089196 0.1197377 0.1196829 0.0250336 0.0218149 0.0238591 0.0256148 0.0245504 0.1134662 0.1182215 0.0250263 0.1199242 0.0258792 0.0253328 0.1369203 0.1270745 0.1369203 0.1166110 0.1293343 0.1164415 0.1168058 0.1261977 0.1051634 0.1800315 0.1270745 0.1056716 0.1271452 0.0902469 0.0403468 0.1185727 0.0282553 0.0273941 0.0762573 0.0389778 0.0333659 0.1008632 0.0517909 0.0513289 0.0284313 0.0593309 0.0345132 0.1322389 0.1401825 0.0920474 0.1174985 0.1181840 0.1369341 0.1163865 0.1389635 0.1335613 0.1414252 0.1594283 0.1434677 0.1397058 0.1375825 0.1325727 0.1070107 0.1247244 0.1392739 0.2526140 
20AD049CE2 0.0860312 0.0847391 0.0796466 0.0960565 0.1148742 0.1042134 0.0759339 0.0744658 0.1057978 0.1138180 0.1179453 0.1146247 0.1136402 0.0750874 0.1192654 0.0714597 0.1134488 0.0706084 0.1115795 0.1173168 0.1165179 0.1127053 0.1166441 0.1096818 0.1106275 0.0000000 0.1444417 0.0011557 0.0834108 0.1094929 0.1096025 0.1063317 0.0619997 0.0734923 0.1106998 0.1268259 0.1118698 0.1160822 0.1175767 0.1230213 0.0792383 0.1119126 0.0816861 0.0650795 0.0660701 0.0735082 0.0710160 0.1160066 0.0733865 0.0603167 0.1151061 0.1121028 0.1141333 0.0660674 0.1109043 0.1139054 0.1126965 0.1256784 0.0738263 0.1137699 0.1144654 0.1148444 0.1144985 0.1149560 0.1099140 0.1141311 0.1142909 0.1140060 0.1118660 0.1147315 0.1146860 0.0782867 0.1167403 0.1149778 0.1134906 0.0654956 0.1102153 0.1148295 0.1134982 0.1105849 0.1156878 0.0808267 0.0792713 0.0798328 0.1119571 0.1116596 0.1146617 0.1161450 0.1111440 0.0734923 0.0748086 0.1118052 0.0797157 0.1164447 0.1123529 0.0820007 0.0649174 0.0820007 0.0772606 0.0835906 0.0771066 0.0706084 0.0626915 0.0744658 0.1213119 0.0649174 0.0714597 0.0623649 0.1086675 0.1160313 0.1045927 0.1144511 0.1139559 0.1164450 0.1241546 0.1160822 0.1740136 0.1305306 0.1300726 0.1140501 0.1350196 0.1187193 0.1237607 0.0855331 0.1092543 0.0792214 0.0763371 0.1099585 0.0773498 0.1062184 0.0917970 0.1025642 0.1137988 0.1112676 0.1078375 0.0941614 0.0869134 0.1465010 0.1085093 0.1065485 0.1958116 
20AD17_S1  0.1291393 0.1272368 0.1367322 0.1402343 0.1534631 0.1448859 0.1246212 0.1183419 0.1581585 0.1458056 0.1431247 0.1464149 0.1490604 0.1206989 0.1426581 0.1214093 0.1462339 0.1226153 0.1481684 0.1541341 0.1473296 0.1509531 0.1507541 0.1488309 0.1537518 0.1444417 0.0000000 0.1441777 0.0733967 0.1527912 0.1525376 0.1448843 0.1247029 0.1200911 0.1537576 0.1386054 0.1533862 0.0476428 0.0480474 0.1389894 0.1365269 0.1556895 0.1379907 0.1452522 0.1258550 0.1202837 0.1403434 0.1538478 0.1201446 0.1434842 0.1545239 0.1520729 0.1533748 0.1244114 0.1533238 0.1501470 0.1532488 0.1442937 0.1205764 0.1527073 0.1522097 0.1538061 0.1523796 0.1531909 0.1553993 0.1551723 0.1553512 0.1550259 0.1503594 0.1526375 0.1547411 0.1194353 0.1556899 0.1534692 0.1517246 0.1238129 0.1515174 0.1551606 0.1549388 0.1527377 0.1546487 0.1165520 0.1367503 0.1368583 0.1532087 0.1513507 0.1515937 0.1543313 0.1526548 0.1200911 0.1219736 0.1536051 0.1368899 0.1543229 0.1538019 0.1424041 0.1228472 0.1424041 0.1349945 0.1528032 0.1348136 0.1226153 0.1234964 0.1183419 0.1287810 0.1228472 0.1214093 0.1226033 0.1487420 0.1508688 0.1749857 0.1522650 0.1515354 0.1453899 0.1628458 0.1537184 0.1566394 0.1532873 0.1526236 0.1531143 0.1577360 0.1573557 0.1781363 0.1552984 0.1508629 0.1240528 0.1244114 0.1568801 0.1348087 0.1558266 0.1461123 0.1509461 0.1723634 0.1646624 0.1603184 0.1637688 0.1581008 0.1995045 0.1684179 0.1558482 0.2176280 
20ND044AD4 0.0853836 0.0840951 0.0790066 0.0953881 0.1142558 0.1037035 0.0756152 0.0739853 0.1052383 0.1132028 0.1173210 0.1140079 0.1131581 0.0747701 0.1186381 0.0711185 0.1128343 0.0704303 0.1111023 0.1168231 0.1158967 0.1120911 0.1159628 0.1090755 0.1100153 0.0011557 0.1441777 0.0000000 0.0831787 0.1088855 0.1089950 0.1055968 0.0618167 0.0732223 0.1100873 0.1263845 0.1112567 0.1161842 0.1176654 0.1226166 0.0785987 0.1112997 0.0813060 0.0643230 0.0654422 0.0732381 0.0706385 0.1153843 0.0731165 0.0604365 0.1144849 0.1114906 0.1135160 0.0654458 0.1102929 0.1134234 0.1120824 0.1250342 0.0735556 0.1131524 0.1138470 0.1142249 0.1138799 0.1143364 0.1092771 0.1135124 0.1136719 0.1133877 0.1112535 0.1141120 0.1140671 0.0780901 0.1161164 0.1143577 0.1128687 0.0648751 0.1096084 0.1142101 0.1128824 0.1099748 0.1151614 0.0803203 0.0786314 0.0791923 0.1113446 0.1110496 0.1140457 0.1155223 0.1105331 0.0732223 0.0744677 0.1111931 0.0790750 0.1158211 0.1117386 0.0814950 0.0642980 0.0814950 0.0769395 0.0829665 0.0767856 0.0704303 0.0623814 0.0739853 0.1208358 0.0642980 0.0711185 0.0620280 0.1081438 0.1155618 0.1040028 0.1138332 0.1133390 0.1159957 0.1235129 0.1154620 0.1735741 0.1298936 0.1294674 0.1134338 0.1344380 0.1180903 0.1233240 0.0849075 0.1085490 0.0787793 0.0757726 0.1091878 0.0770282 0.1055240 0.0910946 0.1019973 0.1130289 0.1109058 0.1071405 0.0935155 0.0862820 0.1459568 0.1080963 0.1058544 0.1954195 
